4 0.5328125 0.5265625 0.0875 0.12421875
4 0.828125 0.58984375 0.08515625 0.13671875
4 0.82265625 0.44296875 0.04921875 0.09765625
4 0.87421875 0.41640625 0.02890625 0.0796875
4 0.96484375 0.47578125 0.034375 0.08984375
4 0.9015625 0.37109375 0.0234375 0.08125
4 0.23828125 0.2671875 0.05703125 0.0828125
4 0.26953125 0.23828125 0.0421875 0.078125
6 0.028125 0.225 0.05625 0.0828125
6 0.42421875 0.640625 0.19921875 0.234375
6 0.76640625 0.340625 0.09140625 0.1328125
0 0.7171875 0.25859375 0.0453125 0.07578125
4 0.95625 0.39921875 0.034375 0.07734375
2 0.15859375 0.15703125 0.05625 0.08515625
4 0.45859375 0.1890625 0.05234375 0.06015625