2 0.91640625 0.38671875 0.09765625 0.1015625
6 0.2140625 0.6859375 0.1390625 0.1875
6 0.17109375 0.3828125 0.06484375 0.10859375
6 0.23515625 0.3328125 0.075 0.10234375
0 0.2203125 0.26015625 0.04453125 0.08828125
0 0.34921875 0.23125 0.046875 0.08359375
0 0.29296875 0.25546875 0.05078125 0.09296875
4 0.8484375 0.22421875 0.0453125 0.065625
4 0.9375 0.2546875 0.0421875 0.0734375
4 0.9703125 0.47890625 0.059375 0.1140625
4 0.2703125 0.40546875 0.05078125 0.08828125
4 0.0328125 0.6 0.02578125 0.0953125
1 0.13125 0.59609375 0.16953125 0.203125
4 0.6265625 0.25859375 0.0515625 0.07265625