4 0.4671875 0.5265625 0.0875 0.12421875
4 0.171875 0.58984375 0.08515625 0.13671875
4 0.17734375 0.44296875 0.04921875 0.09765625
4 0.12578125 0.41640625 0.02890625 0.0796875
4 0.03515625 0.47578125 0.034375 0.08984375
4 0.0984375 0.37109375 0.0234375 0.08125
4 0.76171875 0.2671875 0.05703125 0.0828125
4 0.73046875 0.23828125 0.0421875 0.078125
6 0.971875 0.225 0.05625 0.0828125
6 0.57578125 0.640625 0.19921875 0.234375
6 0.23359375 0.340625 0.09140625 0.1328125
0 0.2828125 0.25859375 0.0453125 0.07578125
4 0.04375 0.39921875 0.034375 0.07734375
2 0.84140625 0.15703125 0.05625 0.08515625
4 0.54140625 0.1890625 0.05234375 0.06015625