4 0.396875 0.31015625 0.06640625 0.09453125
4 0.9546875 0.65390625 0.0578125 0.1234375
4 0.8734375 0.390625 0.02578125 0.06640625
4 0.85546875 0.32265625 0.01953125 0.0578125
6 0.92265625 0.4328125 0.0625 0.11328125
4 0.95546875 0.49765625 0.03671875 0.09375
4 0.95625 0.41015625 0.021875 0.0625
4 0.45859375 0.18515625 0.04140625 0.065625
4 0.215625 0.16015625 0.0203125 0.04296875
2 0.1609375 0.15859375 0.05625 0.08515625
6 0.771875 0.3328125 0.090625 0.103125
0 0.7140625 0.25859375 0.0515625 0.07265625
6 0.7609375 0.6703125 0.17578125 0.228125
6 0.921875 0.3640625 0.04609375 0.075