4 0.7453125 0.54921875 0.05625 0.11015625
2 0.88515625 0.5484375 0.10546875 0.13515625
4 0.87890625 0.44296875 0.0328125 0.075
4 0.78671875 0.33984375 0.03359375 0.06875
4 0.1296875 0.559375 0.078125 0.11875
6 0.2765625 0.5859375 0.15078125 0.22265625
6 0.70078125 0.31328125 0.08828125 0.1015625
2 0.96328125 0.690625 0.0734375 0.12265625
1 0.9484375 0.4234375 0.0734375 0.13203125
0 0.83359375 0.39765625 0.04921875 0.08046875
0 0.6546875 0.23359375 0.05078125 0.06953125
0 0.60859375 0.5109375 0.1140625 0.16015625
1 0.21796875 0.41484375 0.31875 0.2765625