6 0.1125 0.5359375 0.1265625 0.20625
4 0.2015625 0.43984375 0.08359375 0.134375
4 0.61796875 0.31875 0.0640625 0.084375
4 0.653125 0.3609375 0.06328125 0.084375
4 0.96015625 0.696875 0.0515625 0.10859375
4 0.975 0.50625 0.0328125 0.08984375
4 0.903125 0.40546875 0.0328125 0.08046875
4 0.46171875 0.190625 0.03515625 0.07578125
4 0.92734375 0.4390625 0.03359375 0.071875
6 0.77890625 0.33828125 0.08984375 0.115625
6 0.1796875 0.2265625 0.1296875 0.11171875
2 0.15859375 0.15078125 0.065625 0.0578125