6 0.8875 0.5359375 0.1265625 0.20625
4 0.7984375 0.43984375 0.08359375 0.134375
4 0.38203125 0.31875 0.0640625 0.084375
4 0.346875 0.3609375 0.06328125 0.084375
4 0.03984375 0.696875 0.0515625 0.10859375
4 0.025 0.50625 0.0328125 0.08984375
4 0.096875 0.40546875 0.0328125 0.08046875
4 0.53828125 0.190625 0.03515625 0.07578125
4 0.07265625 0.4390625 0.03359375 0.071875
6 0.22109375 0.33828125 0.08984375 0.115625
6 0.8203125 0.2265625 0.1296875 0.11171875
2 0.84140625 0.15078125 0.065625 0.0578125