6 0.72265625 0.58671875 0.159375 0.203125
2 0.08984375 0.6734375 0.11015625 0.1234375
2 0.48046875 0.34296875 0.10859375 0.1375
2 0.6875 0.4234375 0.15546875 0.146875
1 0.61015625 0.246875 0.15625 0.153125
6 0.48203125 0.2546875 0.08828125 0.08828125
0 0.8890625 0.23125 0.05390625 0.08671875
4 0.878125 0.5609375 0.07578125 0.13046875
4 0.1921875 0.571875 0.06796875 0.10234375
4 0.0984375 0.57734375 0.046875 0.0890625
4 0.08671875 0.48203125 0.03125 0.0875
4 0.31171875 0.31796875 0.04609375 0.08671875
4 0.23984375 0.3296875 0.02578125 0.071875