6 0.27734375 0.58671875 0.159375 0.203125
2 0.91015625 0.6734375 0.11015625 0.1234375
2 0.51953125 0.34296875 0.10859375 0.1375
2 0.3125 0.4234375 0.15546875 0.146875
1 0.38984375 0.246875 0.15625 0.153125
6 0.51796875 0.2546875 0.08828125 0.08828125
0 0.1109375 0.23125 0.05390625 0.08671875
4 0.121875 0.5609375 0.07578125 0.13046875
4 0.8078125 0.571875 0.06796875 0.10234375
4 0.9015625 0.57734375 0.046875 0.0890625
4 0.91328125 0.48203125 0.03125 0.0875
4 0.68828125 0.31796875 0.04609375 0.08671875
4 0.76015625 0.3296875 0.02578125 0.071875